image_1.png;103;90;19;12;88;78;0;
image_2.png;101;89;19;11;87;77;1;
image_3.png;88;88;19;13;72;71;3;
image_4.png;96;85;22;13;83;72;3;
image_5.png;97;91;18;13;80;75;55;
image_6.png;105;98;16;13;89;82;3;
image_7.png;194;170;36;21;163;144;3;
image_8.png;131;124;23;15;111;110;1;
image_9.png;97;84;19;11;82;77;1;
image_10.png;164;145;26;16;147;134;4;
image_11.png;216;202;25;22;202;183;7;
image_12.png;94;87;19;8;79;77;5;
image_13.png;186;174;30;11;162;159;5;
image_14.png;158;147;22;12;145;133;5;
image_15.png;145;134;32;27;114;106;42;
image_16.png;206;187;23;24;182;160;43;
image_17.png;168;157;16;17;154;141;5;
image_18.png;234;217;19;16;216;201;5;
image_19.png;109;104;20;7;95;95;6;
image_20.png;115;109;21;11;94;100;6;
image_21.png;166;155;27;15;134;143;6;
image_22.png;112;108;26;16;97;90;6;
image_23.png;109;104;20;7;95;95;6;
image_24.png;137;125;29;12;108;114;6;
image_25.png;166;147;21;12;145;133;7;
image_26.png;132;143;14;19;122;125;52;
image_27.png;93;88;10;10;82;80;7;
image_28.png;138;129;14;12;123;120;7;
image_29.png;166;147;22;11;145;132;7;
image_30.png;92;101;6;13;84;90;10;
image_31.png;154;151;28;25;125;123;11;
image_32.png;291;288;49;45;251;247;11;
image_33.png;167;172;38;35;135;135;11;
image_34.png;199;179;32;16;185;166;13;
image_35.png;149;127;21;13;126;114;13;
image_36.png;157;132;18;5;139;124;14;
image_37.png;78;81;9;5;69;64;14;
image_38.png;172;155;35;21;138;124;55;
image_39.png;107;104;23;11;95;89;14;
image_40.png;196;181;30;19;169;158;15;
image_41.png;108;88;20;9;93;81;15;
image_42.png;211;211;36;42;175;176;54;
image_43.png;133;127;21;17;117;113;17;
image_44.png;89;88;10;10;79;78;17;
image_45.png;102;93;9;5;92;84;17;
image_46.png;121;126;23;22;93;95;19;
image_47.png;190;160;31;19;159;146;20;
image_48.png;163;146;36;19;128;127;21;
image_49.png;166;159;38;32;125;123;22;
image_50.png;260;246;52;50;213;206;22;
image_51.png;165;150;17;10;149;139;23;
image_52.png;129;130;17;19;108;110;24;
image_53.png;147;129;32;17;112;110;26;
image_54.png;218;188;37;12;185;166;26;
image_55.png;157;153;29;19;139;132;26;
image_56.png;134;125;26;15;114;104;27;
image_57.png;126;123;25;23;97;96;28;
image_58.png;188;178;40;32;151;141;28;
image_59.png;239;227;43;34;199;189;28;
image_60.png;262;242;34;27;218;209;28;
image_61.png;124;126;17;14;113;109;29;
image_62.png;103;94;22;18;79;77;30;
image_63.png;221;221;35;41;176;180;30;
image_64.png;221;221;35;39;177;181;30;
image_65.png;230;220;28;24;206;198;30;
image_66.png;221;221;37;42;176;179;30;
image_67.png;141;132;21;18;118;117;54;
image_68.png;86;78;17;14;66;61;31;
image_69.png;124;115;19;14;110;92;34;
image_70.png;132;122;22;14;116;95;35;
image_71.png;142;125;26;22;104;91;35;
image_72.png;159;146;22;23;139;122;35;
image_73.png;159;146;22;23;139;123;35;
image_74.png;210;200;25;31;187;166;36;
image_75.png;168;147;28;23;134;115;37;
image_76.png;158;149;30;25;140;121;38;
image_77.png;93;84;16;12;78;68;39;
image_78.png;93;84;16;12;78;68;39;
image_79.png;105;99;17;7;92;87;0;
image_80.png;128;115;23;23;104;91;42;
image_81.png;145;134;32;27;114;106;42;
image_82.png;168;156;28;24;144;123;43;
image_83.png;157;129;38;26;118;92;44;
image_84.png;80;64;14;8;64;54;0;
image_85.png;185;175;35;31;152;139;49;
image_86.png;185;175;35;31;152;139;49;
image_87.png;161;153;43;33;121;108;50;
image_88.png;228;207;40;22;197;177;52;
image_89.png;167;157;32;24;131;125;52;
image_90.png;228;207;40;25;197;180;52;
image_91.png;190;195;28;25;166;169;54;
image_92.png;171;154;38;24;137;123;54;
image_93.png;211;211;39;42;175;175;54;
image_94.png;198;194;36;22;175;167;54;
image_95.png;165;158;29;20;134;126;55;
image_96.png;148;133;24;22;127;116;56;
image_97.png;111;90;25;11;89;75;0;
image_98.png;142;121;29;17;113;103;55;
image_99.png;173;148;32;21;136;127;55;
image_100.png;148;133;24;22;127;116;56;